mocap_M_tiago:
  pos:
    x: 1.158499956130985
    y: 13.126371383666992
    z: 0.818180024623871
  quaternion:
    qw: -0.5856711864471436
    qx: 0.01022396422922589
    qy: 0.009307554922997952
    qz: 0.8104308247566223
mocap_M_object:
  pos:
    x: 0.5423350930213946
    y: 10.878168106079102
    z: 0.1691794842481614
  quaternion:
    qw: 0.7700774669647217
    qx: -0.005683950614184252
    qy: 0.009627590887248516
    qz: 0.6378523707389832
tiago_M_cam:
  pos:
    x: 0.30531662041591673
    y: -0.0006552055385503298
    z: 0.12340483113734246
  quaternion:
    qw: 0.9675657511031944
    qx: 0.0006710662845251932
    qy: 0.25260534421316727
    qz: -0.0025704157446131246
megapose__cam_M_object:
  quaternion:
    qw: -0.01995222117385176
    qx: -0.25191617240931663
    qy: 0.9669395187418006
    qz: 0.03417857114506412
  pos:
    x: 0.08944395184516907
    y: -0.2851983308792114
    z: 2.2071533203125
