megapose__cam_M_object:
  pos:
    x: 0.03775491937994957
    y: 0.006397415418177843
    z: 0.8720888495445251
  quaternion:
    qw: 0.7659756674842289
    qx: -0.5536950549607264
    qy: -0.2634950890315185
    qz: -0.1930635249088985
mocap_M_object:
  pos:
    x: -1.6009567975997907
    y: 8.464421272277832
    z: 0.16242772340774492
  quaternion:
    qw: -0.7405053973197937
    qx: -0.0006247628480197109
    qy: 0.027269668877124786
    qz: 0.6714967489242554
mocap_M_tiago:
  pos:
    x: -1.496779799461363
    y: 7.7033820152282715
    z: 0.8096469640731809
  quaternion:
    qw: 0.7357197403907776
    qx: -0.02302113547921192
    qy: -0.019433073699474335
    qz: 0.6766157150268555
tiago_M_cam:
  pos:
    x: 0.3058989146025398
    y: 0.021532156603349232
    z: 0.07503846310586292
  quaternion:
    qw: 0.8975663988834021
    qx: 0.0008326506973235541
    qy: 0.4408752575059991
    qz: -0.0016951717660545116
