base_robot:
  pos:
    x: -1.496779799461363
    y: 7.7033820152282715
    z: 0.8096469640731809
  quaternion:
    qw: -0.6537433862686157
    qx: 0.01544719096273206
    qy: 0.02306189201772213
    qz: -0.7562070488929749
object:
  pos:
    x: -1.6009567975997907
    y: 8.464421272277832
    z: 0.16242772340774492
  quaternion:
    qw: -0.8828758001327515
    qx: 0.0018131930846719824
    qy: 0.03490407392382622
    qz: 0.46830418705940247
