transformation from mocap to megapose:
  rotation:
    x: 76.94965829527561
    y: 16.789968493642682
    z: 75.06250989122327
  translation:
    x: -0.07940606629276381
    y: 0.21011303061511066
    z: 0.048528705944525186
