base_robot:
  pos:
    x: 0.9070376157760647
    y: 12.152962684631348
    z: 0.8360382318496714
  quaternion:
    qw: -0.573431670665741
    qx: 0.012770323082804458
    qy: 0.007818944752216339
    qz: 0.8191165328025818
object:
  pos:
    x: 0.5423585176467913
    y: 10.878225326538086
    z: 0.1692884415388108
  quaternion:
    qw: 0.7699335217475891
    qx: -0.005549045745283476
    qy: 0.009097647853195667
    qz: 0.6380351781845093
tf_camera:
  pos:
    x: 0.30695335036648835
    y: 0.03384584927938462
    z: 0.08699490608223717
  quaternion:
    qw: 0.9174223518537018
    qx: -0.01868630112240458
    qy: 0.3951004908876124
    qz: 0.04338954447736495
megapose:
  quaternion:
    qw: 0.939497988258165
    qx: -0.02008002881325152
    qy: 0.02379881426011262
    qz: -0.3411363365066668
  pos:
    x: 0.15717241168022156
    y: -0.21316005289554596
    z: 1.2952468395233154
