transformation from mocap to megapose:
  translation:
    x: -0.024765893837290776
    y: -0.24513631345695508
    z: -0.04097096677261841
  rotation:
    x: 41.22890749096322
    y: 40.511740532951436
    z: -2.1231757217206177
