base_robot:
  pos:
    x: -1.4832702875137311
    y: 7.60750150680542
    z: 0.8106830120086668
  quaternion:
    qw: -0.6689940690994263
    qx: 0.018866727128625138
    qy: 0.018968546763062477
    qz: -0.7427860498428345
object:
  pos:
    x: -1.64318537712097
    y: 9.56409740447998
    z: 0.43494844436645463
  quaternion:
    qw: 0.7090086936950684
    qx: 0.006251338869333378
    qy: -0.024434639140963554
    qz: -0.7047485709190369
