megapose__cam_M_object:
  pos:
    x: 0.10139203071594238
    y: 0.024126611649990082
    z: 1.2645058631896973
  quaternion:
    qw: 0.05943996261161179
    qx: -0.008099659002867464
    qy: -0.01847243886866022
    qz: 0.9980280850129122
mocap_M_object:
  pos:
    x: -1.64318537712097
    y: 9.56409740447998
    z: 0.43401733040809587
  quaternion:
    qw: -0.7405053973197937
    qx: -0.0006247628480197109
    qy: 0.027269668877124786
    qz: 0.6714967489242554
mocap_M_tiago:
  pos:
    x: -1.4832702875137311
    y: 7.60750150680542
    z: 0.8106830120086668
  quaternion:
    qw: 0.7357197403907776
    qx: -0.02302113547921192
    qy: -0.019433073699474335
    qz: 0.6766157150268555
tiago_M_cam:
  pos:
    x: 0.29521043006403097
    y: 0.033009947121714754
    z: 0.14653788839598772
  quaternion:
    qw: 0.9869073555045633
    qx: -0.007400875332060729
    qy: 0.15397719401526824
    qz: 0.047435455289193316
