transformation from mocap to megapose:
  rotation:
    x: -176.64280125104887
    y: 74.89002076704493
    z: -8.846327038599624
  translation:
    x: 0.4481572733686896
    y: 0.13500830954845533
    z: 0.2007640452803039
