tf_camera:
  pos:
    x: 0.27267822887021104
    y: 0.03399627382818947
    z: 0.17680207978850823
  quaternion:
    qw: 0.9839393397355282
    qx: -0.0011699864192516026
    qy: 0.00645351922759867
    qz: 0.1783826195069765
