megapose:
  pos:
    x: 0.0038087451830506325
    y: 0.07224172353744507
    z: 0.9834783673286438
  quaternion:
    qw: -0.8339868695900731
    qx: 0.04102019360381464
    qy: -0.03556214925668925
    qz: 0.5491072871266706
mocap:
  pos:
    x: -0.8128446688251199
    y: 0.7248198948929545
    z: 0.9690631433482082
  quaternion:
    qw: 0.8958011719692227
    qx: 0.42603670283634987
    qy: 0.10800520662802503
    qz: -0.06608981370934762
