base_robot:
  pos:
    x: 1.218907594680788
    y: 11.854201316833496
    z: 0.8472542762756349
  quaternion:
    qw: -0.929892361164093
    qx: 0.022080937400460188
    qy: 0.013372628949582577
    qz: 0.36692479252815247
object:
  pos:
    x: 2.0310831069946307
    y: 11.223238945007324
    z: 0.18613347411155745
  quaternion:
    qw: 0.2662203907966614
    qx: -0.08066530525684379
    qy: 0.011494715698063374
    qz: 0.960462212562561
tf_camera:
  pos:
    x: 0.30794234118413066
    y: -0.000669156511277164
    z: 0.09385752306678263
  quaternion:
    qw: 0.9293112301506825
    qx: 0.0009810429163075907
    qy: 0.3692879366412668
    qz: -0.0024687895530631256
megapose:
  pos:
    x: 0.0038087451830506325
    y: 0.07224172353744507
    z: 0.9834783673286438
  quaternion:
    qw: -0.8339868695900731
    qx: 0.04102019360381464
    qy: -0.03556214925668925
    qz: 0.5491072871266706
