transformation from mocap to megapose:
  translation:
    x: -0.009765893015711846
    y: 0.1644146345783355
    z: 0.13091157469840076
  rotation:
    x: 73.87022018645015
    y: 33.87205138859111
    z: -6.5606268587472085
