objpos:
  att:
    qw: -0.6308884620666504
    qx: -0.018007207661866975
    qy: -0.033060066401958466
    qz: -0.7749596834182739
  pos:
    x: 1.1714442968368548
    y: 10.806841850280762
    z: 0.19934657216072105
