megapose:
  pos:
    x: 0.041497450321912766
    y: 0.15742158889770508
    z: 0.8566868305206299
  quaternion:
    qw: 0.00393372087819244
    qx: 0.8570135356425052
    qy: 0.5152004326327888
    qz: -0.008991442190746322
mocap:
  pos:
    x: 0.16876508770380505
    y: 0.6980657016026601
    z: 0.9778903031609673
  quaternion:
    qw: 0.8403872980055401
    qx: 0.4595356784914597
    qy: 0.19182021498688562
    qz: -0.21396531183050663
