transformation from mocap to megapose:
  translation:
    x: -0.1833306027564916
    y: 0.19620664230835416
    z: 0.07716756242775613
  rotation:
    x: 60.71766501878064
    y: -33.36176037234199
    z: -179.2716265905747
