base_robot:
  pos:
    x: 1.2829608917236355
    y: 12.477795600891113
    z: 0.7504075765609752
  quaternion:
    qw: -0.9999954104423523
    qx: -0.00020571288769133356
    qy: -0.0010361647000536323
    qz: -0.002847476163879037
object:
  pos:
    x: 1.919793844223026
    y: 12.814539909362793
    z: 0.45605391263961825
  quaternion:
    qw: -0.7526376843452454
    qx: -0.0064470660872758545
    qy: 0.005684498231858015
    qz: 0.6583788394927979
tf_camera:
  pos:
    x: 0.2787181523046949
    y: -0.0006624365690459742
    z: 0.17694304529821847
  quaternion:
    qw: 0.9999773696896632
    qx: 1.983062055039681e-05
    qy: 0.005790753591872912
    qz: -0.003424454427699897
