transformation from mocap to megapose:
  translation:
    x: 0.011584215957967103
    y: -0.1591521763155601
    z: -0.1639887906899677
  rotation:
    x: -145.2169641802154
    y: -57.65888890334017
    z: 165.77963601587277
