megapose:
  pos:
    x: 0.2373065948486328
    y: 0.27077898383140564
    z: 1.0458970069885254
  quaternion:
    qw: 0.1226398771537441
    qx: 0.6443157654250565
    qy: -0.14286606094729928
    qz: 0.7412192076572228
mocap:
  pos:
    x: 1.1531732243767372
    y: 0.8610000048863515
    z: 1.46423937258325
  quaternion:
    qw: -0.5426899843137624
    qx: -0.42483402615842647
    qy: 0.2906642345233357
    qz: -0.6637152506252308
