mocap_M_tiago:
  pos:
    x: 0.675045847892763
    y: 11.509326934814453
    z: 0.8486655354499817
  quaternion:
    qw: -0.5093597173690796
    qx: 0.013513175770640151
    qy: 0.0062457602471113205
    qz: 0.8604250550270081
mocap_M_object:
  pos:
    x: 0.5423569679260272
    y: 10.878149032592773
    z: 0.16926407814025887
  quaternion:
    qw: 0.770378053188324
    qx: -0.006323639769107214
    qy: 0.009023375809192657
    qz: 0.6374920606613159
tiago_M_cam:
  pos:
    x: 0.29848884585124447
    y: 0.058076207737069224
    z: 0.06688779938098066
  quaternion:
    qw: 0.8718762138022449
    qx: -0.07055535419877568
    qy: 0.4663169378960622
    qz: 0.13191786547313242
megapose__cam_M_object:
  quaternion:
    qw: -0.0005922690066869906
    qx: 0.8714299087910585
    qy: 0.4905179334369921
    qz: -0.0013450966719320248
  pos:
    x: 0.04134313389658928
    y: 0.15918922424316406
    z: 0.8613365292549133
