base_robot:
  pos:
    x: 1.4296313524246251
    y: 13.316323280334473
    z: 0.8198527097702029
  quaternion:
    qw: 0.9869233965873718
    qx: -0.024738542735576657
    qy: -0.015862245112657547
    qz: 0.15848910808563232
object:
  pos:
    x: 0.32066753506660817
    y: 12.522211074829102
    z: -0.3487351238727569
  quaternion:
    qw: 0.7267633676528931
    qx: -0.010517287999391667
    qy: 0.007223615422844887
    qz: 0.686769425868988
tf_camera:
  pos:
    x: 0.29565153894029017
    y: 0.04420940701872031
    z: 0.06688779938098066
  quaternion:
    qw: 0.8666731775891132
    qx: -0.08698077256727242
    qy: 0.4635341301117697
    qz: 0.1626285911908319
