base_robot:
  pos:
    x: 1.2829872369766262
    y: 12.477802276611328
    z: 0.7503763437271129
  quaternion:
    qw: -0.9999957084655762
    qx: -0.00036127376370131926
    qy: -0.000553830701392144
    qz: -0.0028804223984479904
object:
  pos:
    x: 1.9197851419448888
    y: 12.814530372619629
    z: 0.45598155260086093
  quaternion:
    qw: -0.7525243759155273
    qx: -0.006356134545058123
    qy: 0.005864622537046671
    qz: 0.6585075259208679
tf_camera:
  pos:
    x: 0.27148259435426
    y: -0.037029084958591474
    z: 0.17680207978850826
  quaternion:
    qw: 0.9807975031096636
    qx: 0.0012784432526762486
    qy: 0.006432912364699638
    qz: -0.1949185499515309
