base_robot:
  pos:
    x: -1.6752059459686262
    y: 8.87279224395752
    z: 0.7694739699363704
  quaternion:
    qw: 0.7357197403907776
    qx: -0.02302113547921192
    qy: -0.019433073699474335
    qz: 0.6766157150268555
object:
  pos:
    x: -1.7452290058135969
    y: 9.535759925842285
    z: 0.43401733040809587
  quaternion:
    qw: -0.7405053973197937
    qx: -0.0006247628480197109
    qy: 0.027269668877124786
    qz: 0.6714967489242554
tf_camera:
  pos:
    x: 0.28599005120130294
    y: 0.05560869837904525
    z: 0.14653788839598764
  quaternion:
    qw: 0.9766995140013792
    qx: -0.02329576808784668
    qy: 0.15238456753127436
    qz: 0.14931279287781368
