base_robot:
  pos:
    x: -1.3998783826827985
    y: 7.123472690582275
    z: 0.8220083117485044
  quaternion:
    qw: -0.9973406195640564
    qx: 0.021593902260065075
    qy: 0.030402846634387967
    qz: 0.06261973083019257
object:
  pos:
    x: -1.9899103641509992
    y: 9.6437349319458
    z: 0.549580335617065
  quaternion:
    qw: -0.6845768690109253
    qx: 0.00049869343638409
    qy: 0.0348065048456192
    qz: 0.7281091809272766
