transformation from mocap to megapose:
  rotation:
    x: -32.90099285613093
    y: 33.5480058887283
    z: 77.92762047618875
  translation:
    x: -0.2307946505379057
    y: -0.009045878289716036
    z: 0.3345765127849816
