megapose:
  pos:
    x: -0.008680218830704689
    y: 0.07885751128196716
    z: 0.6037193536758423
  quaternion:
    qw: 0.01465847869770388
    qx: 0.8866283689978353
    qy: 0.46167555538283733
    qz: 0.023043499409119362
mocap:
  pos:
    x: -0.5852690545326478
    y: 0.07416758764485287
    z: 0.7066631586498217
  quaternion:
    qw: 0.2573631637141205
    qx: 0.04021306206863843
    qy: -0.4179610539580091
    qz: 0.8703192660166288
