mocap:
  robot_pos:
    pos:
      x: 1.52
      y: 12
      z: 0.89
    att:
      qw: -0.3
      qx: -0.3
      qy: -0.6
      qz: 0
  obj_pos:
    pos:
      x: 5
      y: 1
      z: 0
megapose:
  quaternion:
    x: -0.0629801600432587
    y: 0.24477918233541848
    z: 0.8682640627412238
    w?: -0.4268889829829865
  pos:
    x: -0.17543795704841614
    y: -0.01505983155220747
    z: 0.5684642195701599
