mocap_M_tiago:
  pos:
    x: 1.1211982965469387
    y: 12.423640251159668
    z: 0.8338068127632151
  quaternion:
    qw: -0.9800458550453186
    qx: 0.02315780892968175
    qy: 0.01468026451766491
    qz: 0.19687123596668243
mocap_M_object:
  pos:
    x: 1.7432990074157741
    y: 12.42487621307373
    z: 0.42742863297462586
  quaternion:
    qw: -0.02196849137544632
    qx: -0.005726944189518912
    qy: 0.0145447738468647
    qz: 0.9996364712715149
tiago_M_cam:
  pos:
    x: 0.3002849788612323
    y: 0.05883165633618771
    z: 0.07540354955891589
  quaternion:
    qw: 0.888032221021903
    qx: -0.06608276186888899
    qy: 0.43450045502627216
    qz: 0.13505997776043047
megapose__cam_M_object:
  pos:
    x: -0.008680218830704689
    y: 0.07885751128196716
    z: 0.6037193536758423
  quaternion:
    qw: 0.01465847869770388
    qx: 0.8866283689978353
    qy: 0.46167555538283733
    qz: 0.023043499409119362
