transformation from mocap to megapose:
  translation:
    x: -0.031505886963132834
    y: 0.1981658666568773
    z: 0.016046795711459505
  rotation:
    x: 53.132077824451635
    y: -41.507846143835266
    z: 173.51031097497457
