base_robot:
  pos:
    x: -1.6204296350479108
    y: 8.528862953186035
    z: 0.7832025289535518
  quaternion:
    qw: -0.7276650667190552
    qx: 0.020233128219843022
    qy: 0.023251425474882126
    qz: -0.685239851474762
object:
  pos:
    x: -1.643308758735655
    y: 9.564123153686523
    z: 0.43494915962219194
  quaternion:
    qw: 0.7092324495315552
    qx: 0.006386855151504389
    qy: -0.024215443059802055
    qz: -0.7045298218727112
