base_robot:
  pos:
    x: -1.6752059459686262
    y: 8.87279224395752
    z: 0.7694739699363704
  quaternion:
    qw: 0.7357197403907776
    qx: -0.02302113547921192
    qy: -0.019433073699474335
    qz: 0.6766157150268555
megapose:
  pos:
    x: 0.03517524152994156
    y: -0.009707757271826267
    z: 0.738874614238739
  quaternion:
    qw: -0.21026992361686284
    qx: 0.06419603047228596
    qy: -0.027404555508611535
    qz: 0.9751484436959835
object:
  pos:
    x: -1.7452290058135969
    y: 9.535759925842285
    z: 0.43401733040809587
  quaternion:
    qw: -0.7405053973197937
    qx: -0.0006247628480197109
    qy: 0.027269668877124786
    qz: 0.6714967489242554
tf_camera:
  pos:
    x: 0.30459433389127205
    y: 0.033914105909904436
    z: 0.11130116657376146
  quaternion:
    qw: 0.9524294040780537
    qx: -0.014465280740689907
    qy: 0.30095404113155394
    qz: 0.045778281173536876
