transformation from mocap to megapose:
  rotation:
    x: 155.47235320207088
    y: 48.67459020444431
    z: -6.01857402289371
  translation:
    x: 0.09101214298995153
    y: 0.11007379379205595
    z: 0.04897817612880484
