transformation from mocap to megapose:
  translation:
    x: -0.18578085589601123
    y: 0.19804666772765334
    z: 0.07324600562555428
  rotation:
    x: 58.03618870036098
    y: -33.8608081229906
    z: 179.6571965962808
