megapose:
  pos:
    x: 0.19801858067512512
    y: -0.07964813709259033
    z: 0.9357885718345642
  quaternion:
    qw: 0.8820458180362309
    qx: 0.012605483623940553
    qy: 0.01892733397874325
    qz: -0.4706145204009769
