mocap_M_tiago:
  pos:
    x: 0.7916113734245318
    y: 11.783101081848145
    z: 0.8428975343704225
  quaternion:
    qw: -0.5484287738800049
    qx: 0.015968235209584014
    qy: 0.008903972804546356
    qz: 0.8359973430633545
mocap_M_object:
  pos:
    x: 0.5423577427864092
    y: 10.878198623657227
    z: 0.1692833900451661
  quaternion:
    qw: 0.7700629830360413
    qx: -0.005911876447498909
    qy: 0.009324189275503159
    qz: 0.6378722786903381
tiago_M_cam:
  pos:
    x: 0.29848884585124447
    y: 0.036076207737069224
    z: 0.06688779938098066
  quaternion:
    qw: 0.8718762138022449
    qx: -0.07055535419877568
    qy: 0.4663169378960622
    qz: 0.13191786547313242
megapose__cam_M_object:
  pos:
    x: 0.19801858067512512
    y: -0.07964813709259033
    z: 0.9357885718345642
  quaternion:
    qw: 0.8820458180362309
    qx: 0.012605483623940553
    qy: 0.01892733397874325
    qz: -0.4706145204009769
