transformation from mocap to megapose:
  translation:
    x: -0.06715094861087323
    y: -0.19346303374583051
    z: 0.10455233444594586
  rotation:
    x: 55.240842838555594
    y: 33.19161297394369
    z: 2.0542049843719155
