megapose:
  pos:
    x: 0.016971835866570473
    y: 0.0363943874835968
    z: 0.7570933103561401
  quaternion:
    qw: 0.9840852144369095
    qx: 0.015770188194892593
    qy: -0.0973198844865103
    qz: -0.14783922159020618
mocap:
  pos:
    x: -0.26460421794893174
    y: 1.0837641391235309
    z: 0.4329959225831018
  quaternion:
    qw: -0.9686675571695234
    qx: -0.21860611966382332
    qy: 0.022088185380624487
    qz: -0.11578704676839159
