mocap_M_tiago:
  pos:
    x: 0.7522615194320696
    y: 11.207619667053223
    z: 0.8581049442291261
  quaternion:
    qw: -0.7719268202781677
    qx: 0.022572388872504123
    qy: 0.010008863173425198
    qz: 0.6352316737174988
mocap_M_object:
  pos:
    x: 1.0164201259613055
    y: 10.265235900878906
    z: 0.7250806689262391
  quaternion:
    qw: -0.7210903167724609
    qx: 0.021046653389930836
    qy: -0.010126804001629353
    qz: -0.6924473643302917
tiago_M_cam:
  pos:
    x: 0.29997164728021486
    y: 0.021554388580304153
    z: 0.14138037294921454
  quaternion:
    qw: 0.9842315692895691
    qx: 0.00033405100425300054
    qy: 0.1768746762521295
    qz: -0.0018588502959194521
megapose__cam_M_object:
  pos:
    x: 0.016971835866570473
    y: 0.0363943874835968
    z: 0.7570933103561401
  quaternion:
    qw: 0.9840852144369095
    qx: 0.015770188194892593
    qy: -0.0973198844865103
    qz: -0.14783922159020618
