transformation from mocap to megapose:
  translation:
    x: -0.06804363010609471
    y: 0.08331045628497957
    z: 0.07050547688774533
  rotation:
    x: 26.230073561084183
    y: 80.7029738936667
    z: 22.2318009401748
