base_robot:
  pos:
    x: -1.5409152507781965
    y: 7.887094974517822
    z: 0.8019438982009883
  quaternion:
    qw: -0.6439681649208069
    qx: 0.012828584760427697
    qy: 0.019624805077910423
    qz: -0.7646929621696472
object:
  pos:
    x: -1.64329147338867
    y: 9.564142227172852
    z: 0.43495741486549333
  quaternion:
    qw: 0.7092145085334778
    qx: 0.006341093685478083
    qy: -0.024271398782730103
    qz: -0.704546332359314
