megapose__cam_M_object:
  pos:
    x: 0.07840490341186523
    y: -0.012609119527041912
    z: 1.1202791929244995
  quaternion:
    qw: 0.9856577719741401
    qx: -0.018746647576044315
    qy: -0.07066768005338853
    qz: 0.15209665303539766
mocap_M_object:
  pos:
    x: -1.6452290058135969
    y: 9.565759925842285
    z: 0.43401733040809587
  quaternion:
    qw: -0.7405053973197937
    qx: -0.0006247628480197109
    qy: 0.027269668877124786
    qz: 0.6714967489242554
mocap_M_tiago:
  pos:
    x: -1.5409152507781965
    y: 7.887094974517822
    z: 0.8019438982009883
  quaternion:
    qw: 0.7357197403907776
    qx: -0.02302113547921192
    qy: -0.019433073699474335
    qz: 0.6766157150268555
tiago_M_cam:
  pos:
    x: 0.2994816731392328
    y: 0.0336069288106932
    z: 0.13507078240347553
  quaternion:
    qw: 0.9778027152508239
    qx: -0.009951065808215425
    qy: 0.20377123368672556
    qz: 0.0477505042820118
