transformation from mocap to megapose:
  rotation:
    x: -9.402281422155328
    y: 76.25111077078165
    z: 3.3185619857172792
  translation:
    x: 0.33208210750047584
    y: 0.0555573277260164
    z: 0.10031078412024985
