megapose:
  pos:
    x: 0.08741229772567749
    y: -0.009035170078277588
    z: 1.669224739074707
  quaternion:
    qw: 0.9653705672202213
    qx: -0.0016462588289731797
    qy: 0.110717675763416
    qz: -0.23621724782123782
