mocap_M_tiago:
  pos:
    x: 1.0128328800201443
    y: 12.549884796142578
    z: 0.8292055726051341
  quaternion:
    qw: -0.5844182968139648
    qx: 0.013425408862530963
    qy: 0.008420556783676147
    qz: 0.8112977743148804
mocap_M_object:
  pos:
    x: 0.5423583984375018
    y: 10.878193855285645
    z: 0.16920866072177895
  quaternion:
    qw: 0.7701096534729004
    qx: -0.005892506800592057
    qy: 0.009352527558803558
    qz: 0.6378157734870911
tiago_M_cam:
  pos:
    x: 0.3053569306154372
    y: 0.021723511278425207
    z: 0.12322307728738427
  quaternion:
    qw: 0.9673742849252132
    qx: 0.0002839243176672706
    qy: 0.2533490417062841
    qz: -0.0010841212670106497
megapose__cam_M_object:
  pos:
    x: 0.08741229772567749
    y: -0.009035170078277588
    z: 1.669224739074707
  quaternion:
    qw: 0.9653705672202213
    qx: -0.0016462588289731797
    qy: 0.110717675763416
    qz: -0.23621724782123782
