transformation from mocap to megapose:
  translation:
    x: -0.08086907459198756
    y: 0.06852278306075466
    z: 0.09654939137106822
  rotation:
    x: 24.166450319824946
    y: 48.720287124621095
    z: -11.988858469200292
