megapose:
  pos:
    x: 0.07497122138738632
    y: 0.14648474752902985
    z: 0.998698890209198
  quaternion:
    qw: 0.9359696852383321
    qx: -0.050391279741678896
    qy: 0.1934111496188036
    qz: -0.28985107795021403
mocap:
  pos:
    x: -0.8591918100909891
    y: 0.43535017595984904
    z: 0.9799229457135112
  quaternion:
    qw: 0.9099904605300654
    qx: 0.3752299660021505
    qy: 0.034746631032608166
    qz: -0.1729523228817371
