base_robot:
  pos:
    x: 0.9956290721893328
    y: 11.88332748413086
    z: 0.8425095081329347
  quaternion:
    qw: -0.9811727404594421
    qx: 0.023141376674175235
    qy: 0.012779987417161465
    qz: 0.19131474196910858
object:
  pos:
    x: 1.8541517257690447
    y: 11.541834831237793
    z: 0.17052890360355422
  quaternion:
    qw: 0.01701802760362625
    qx: 0.043428529053926246
    qy: -0.0028140232898294926
    qz: 0.9989076852798462
tf_camera:
  pos:
    x: 0.30794234118413066
    y: -0.000669156511277164
    z: 0.09385752306678263
  quaternion:
    qw: 0.9293112301506825
    qx: 0.0009810429163075907
    qy: 0.3692879366412668
    qz: -0.0024687895530631256
megapose:
  pos:
    x: 0.07497122138738632
    y: 0.14648474752902985
    z: 0.998698890209198
  quaternion:
    qw: 0.9359696852383321
    qx: -0.050391279741678896
    qy: 0.1934111496188036
    qz: -0.28985107795021403
