transformation from mocap to megapose:
  translation:
    x: -0.09797481916651107
    y: 0.2073525583236897
    z: 0.18776693142064566
  rotation:
    x: 34.520761596580265
    y: 30.33711852182254
    z: -21.308037456125685
