megapose__cam_M_object:
  pos:
    x: 0.07801471650600433
    y: 0.08027458935976028
    z: 0.8141767978668213
  quaternion:
    qw: 0.9986021210617003
    qx: 0.012887421546667097
    qy: -0.048875652675024056
    qz: 0.015456658641866254
mocap_M_object:
  pos:
    x: -1.2524485588073713
    y: 9.723860740661621
    z: 0.6549138426780697
  quaternion:
    qw: -0.7405053973197937
    qx: -0.0006247628480197109
    qy: 0.027269668877124786
    qz: 0.6714967489242554
mocap_M_tiago:
  pos:
    x: -1.1919648647308332
    y: 8.755890846252441
    z: 0.7880815267562863
  quaternion:
    qw: 0.7357197403907776
    qx: -0.02302113547921192
    qy: -0.019433073699474335
    qz: 0.6766157150268555
tiago_M_cam:
  pos:
    x: 0.2922975793148815
    y: 0.02192219293417376
    z: 0.1576684365193643
  quaternion:
    qw: 0.9946671921189528
    qx: 3.638012752069939e-05
    qy: 0.10313608726998333
    qz: -0.0003508579809441815
