base_robot:
  pos:
    x: -1.1919648647308332
    y: 8.755890846252441
    z: 0.7880815267562863
  quaternion:
    qw: 0.783627450466156
    qx: -0.024919778108596913
    qy: -0.022122835740447044
    qz: 0.6203367114067078
object:
  pos:
    x: -1.2524485588073713
    y: 9.723860740661621
    z: 0.6549138426780697
  quaternion:
    qw: -0.6249489784240723
    qx: 0.002532215090468304
    qy: 0.02058962732553482
    qz: 0.7803899049758911
