transformation from mocap to megapose:
  rotation:
    x: -9.631384509002773
    y: 85.39317058103711
    z: -18.527798296304237
  translation:
    x: -0.10014629654941132
    y: 0.22655167216326433
    z: 0.196487916789017
