mocap_M_tiago:
  pos:
    x: 1.3787492513656652
    y: 13.897672653198242
    z: 0.8014621138572695
  quaternion:
    qw: -0.5932875275611877
    qx: 0.0014665201306340858
    qy: -0.0021517437417060137
    qz: 0.8049864768981934
mocap_M_object:
  pos:
    x: 0.5423762798309344
    y: 10.878240585327148
    z: 0.16909164190292367
  quaternion:
    qw: 0.7699436545372009
    qx: -0.005928452592343203
    qy: 0.00933756958693266
    qz: 0.6380159258842468
tiago_M_cam:
  pos:
    x: 0.3053563604625757
    y: 0.021534049034720094
    z: 0.12322307728738424
  quaternion:
    qw: 0.9673731671306138
    qx: 0.00047848231194358524
    qy: 0.2533487489631393
    qz: -0.001827010994644718
megapose__cam_M_object:
  quaternion:
    qw: 0.9845121151932814
    qx: 0.013124486501425288
    qy: -0.10940599494342451
    qz: -0.13635995295903014
  pos:
    x: 0.1444748491048813
    y: -0.5887932777404785
    z: 2.5507125854492188
