transformation from mocap to megapose:
  translation:
    x: 0.477966067475764
    y: -0.5594517979234155
    z: -0.3604128533871597
  rotation:
    x: 17.380368999919323
    y: 72.0143050841258
    z: -5.0968450469472195
