base_robot:
  pos:
    x: -2.2078254222869855
    y: 7.358841896057129
    z: 0.7960261106491082
  quaternion:
    qw: -0.5031095147132874
    qx: 0.012631542049348132
    qy: 0.010554698295891285
    qz: 0.8640658855438232
object:
  pos:
    x: -2.6715741157531725
    y: 6.383615016937256
    z: 0.6346200704574578
  quaternion:
    qw: 0.7329625487327576
    qx: -0.017855904996395222
    qy: 0.006936479359865189
    qz: 0.6799992918968201
