transformation from mocap to megapose:
  rotation:
    x: 154.61852555134075
    y: -83.06546890735002
    z: 87.15538494011018
  translation:
    x: -0.1490623414704899
    y: 0.16698155816898907
    z: 0.19687619176095073
