base_robot:
  pos:
    x: 1.3787492513656652
    y: 13.897672653198242
    z: 0.8014621138572695
  quaternion:
    qw: -0.5932875275611877
    qx: 0.0014665201306340858
    qy: -0.0021517437417060137
    qz: 0.8049864768981934
object:
  pos:
    x: 0.5423762798309344
    y: 10.878240585327148
    z: 0.16909164190292367
  quaternion:
    qw: 0.7699436545372009
    qx: -0.005928452592343203
    qy: 0.00933756958693266
    qz: 0.6380159258842468
tf_camera:
  pos:
    x: 0.3053563604625757
    y: -0.00046595096527990583
    z: 0.12322307728738424
  quaternion:
    qw: 0.9673731671306138
    qx: 0.00047848231194358524
    qy: 0.2533487489631393
    qz: -0.001827010994644718
