mocap:
    robot_pos:
        pos:
            x: 1.52619600296
            y: 12.2124938965
            z: 0.89137083292
        att:
            qw: -0.328647375107
            qx: -0.315094798803
            qy: -0.650968909264
            qz: -0.607409000397
    obj_pos:
        pos:
            x: 1.785791695115
            y: 12.52106046675
            z: 0.4257301390175
megapose:
    quaternion:
        qw: -0.04923851327714469
        qx: 0.4554831005690903
        qy: 0.8808549090016359
        qz: 0.11918617673243442
    translation:
        x: 0.025461265817284584
        y: 0.03941178694367409
        z: 0.6184179186820984
