megapose:
  pos:
    x: -0.024152351543307304
    y: 0.32190370559692383
    z: 1.3329590559005737
  quaternion:
    qw: 0.5892081006827211
    qx: 0.09668016443903908
    qy: 0.23150831477536146
    qz: 0.7680434667965459
mocap:
  pos:
    x: 0.11730919424956143
    y: 0.8260468875157461
    z: 1.4553230778299595
  quaternion:
    qw: 0.6539334293286391
    qx: 0.16353127453519828
    qy: 0.13526687021602418
    qz: -0.7261759195107896
