base_robot:
  pos:
    x: 0.9573746919631985
    y: 12.406036376953125
    z: 0.8307497501373301
  quaternion:
    qw: -0.576346218585968
    qx: 0.013199796900152938
    qy: 0.008279307745397091
    qz: 0.8170570731163025
object:
  pos:
    x: 0.8394175767898577
    y: 11.64687728881836
    z: -0.3206277489662168
  quaternion:
    qw: 0.9491268992424011
    qx: -0.011368616484105643
    qy: 0.0031860999297350645
    qz: 0.3146726191043854
tf_camera:
  pos:
    x: 0.30394557872641265
    y: 0.02135207907622066
    z: 0.06688779938098066
  quaternion:
    qw: 0.8817964435316133
    qx: 0.0012529034038102139
    qy: 0.47162270387242317
    qz: -0.002342562725641042
megapose:
  pos:
    x: -0.024152351543307304
    y: 0.32190370559692383
    z: 1.3329590559005737
  quaternion:
    qw: 0.5892081006827211
    qx: 0.09668016443903908
    qy: 0.23150831477536146
    qz: 0.7680434667965459
