transformation from mocap to megapose:
  translation:
    x: -0.7348367534141804
    y: 0.5562036936527655
    z: 0.13092132152217245
  rotation:
    x: -99.13431561901935
    y: 8.117603202964913
    z: 47.63550929194711
