transformation from mocap to megapose:
  translation:
    x: -0.5005879717520978
    y: 0.20521738674998602
    z: 0.12643064778042937
  rotation:
    x: -99.13431561901935
    y: 8.117603202964913
    z: 47.63550929194711
