megapose__cam_M_object:
  pos:
    x: -0.0037228271830826998
    y: 0.05261160433292389
    z: 0.8083988428115845
  quaternion:
    qw: -0.1155462724376655
    qx: 0.5360269438514617
    qy: 0.7856167538831484
    qz: 0.28658412221850854
mocap_M_object:
  pos:
    x: -0.42103090882301153
    y: 7.979552268981934
    z: 0.49376955628395064
  quaternion:
    qw: -0.7405053973197937
    qx: -0.0006247628480197109
    qy: 0.027269668877124786
    qz: 0.6714967489242554
mocap_M_tiago:
  pos:
    x: -1.2304993867874128
    y: 7.930527687072754
    z: 0.8087758421897886
  quaternion:
    qw: 0.7357197403907776
    qx: -0.02302113547921192
    qy: -0.019433073699474335
    qz: 0.6766157150268555
tiago_M_cam:
  pos:
    x: 0.2581157052884394
    y: -0.09948777600068728
    z: 0.12340483113732868
  quaternion:
    qw: 0.8263247616681126
    qx: 0.13141533657673493
    qy: 0.21573112795198196
    qz: -0.5033661470531423
