base_robot:
  pos:
    x: -1.2304993867874128
    y: 7.930527687072754
    z: 0.8087758421897886
  quaternion:
    qw: -0.8073164820671082
    qx: 0.014563804492354282
    qy: 0.020725227892398834
    qz: 0.5895748138427734
object:
  pos:
    x: -0.42103090882301153
    y: 7.979552268981934
    z: 0.49376955628395064
  quaternion:
    qw: -0.7765613794326782
    qx: 0.01036676298826944
    qy: -0.02219630405306816
    qz: -0.6295652985572815
