transformation from mocap to megapose:
  rotation:
    x: 168.58143719697966
    y: -49.81018328313692
    z: 41.05891638687468
  translation:
    x: -0.4133986758267625
    y: 0.04060816249888122
    z: 0.09914849287099237
