megapose__cam_M_object:
  pos:
    x: 0.0006112006376497447
    y: 0.07939314842224121
    z: 0.8007287979125977
  quaternion:
    qw: 0.2002962176010704
    qx: -0.2704725089078681
    qy: -0.08246144404031132
    qz: 0.9380438022177184
mocap_M_object:
  pos:
    x: -1.7452290058135969
    y: 9.535759925842285
    z: 0.43401733040809587
  quaternion:
    qw: -0.7405053973197937
    qx: -0.0006247628480197109
    qy: 0.027269668877124786
    qz: 0.6714967489242554
mocap_M_tiago:
  pos:
    x: -1.6752059459686262
    y: 8.87279224395752
    z: 0.7694739699363704
  quaternion:
    qw: 0.7357197403907776
    qx: -0.02302113547921192
    qy: -0.019433073699474335
    qz: 0.6766157150268555
tiago_M_cam:
  pos:
    x: 0.2988173440153879
    y: 0.04522307267656661
    z: 0.12340483113732872
  quaternion:
    qw: 0.9630760807283895
    qx: -0.024315633365544872
    qy: 0.25143321226330334
    qz: 0.09313727757366344
