base_robot:
  pos:
    x: -1.2614932060241681
    y: 7.882521629333496
    z: 0.8111995458602903
  quaternion:
    qw: -0.9984937906265259
    qx: 0.030162949115037918
    qy: 0.031192019581794735
    qz: 0.033577091991901405
object:
  pos:
    x: -0.42110526561736883
    y: 7.979308128356934
    z: 0.4940905272960661
  quaternion:
    qw: -0.7772257924079895
    qx: 0.013169769197702519
    qy: -0.021415099501609802
    qz: -0.6287192702293396
