transformation from mocap to megapose:
  rotation:
    x: 40.79535981503127
    y: 84.82459186986422
    z: -163.33212525697778
  translation:
    x: -0.32896043551309084
    y: 0.10417702081765867
    z: 0.06901376594597197
