base_robot:
  pos:
    x: -1.6132130622863752
    y: 8.73440933227539
    z: 0.7776035070419307
  quaternion:
    qw: -0.7577832937240601
    qx: 0.018267156556248776
    qy: 0.027296466752886772
    qz: -0.6516791582107544
object:
  pos:
    x: -1.643220663070677
    y: 9.56405258178711
    z: 0.4349910914897914
  quaternion:
    qw: 0.7090718150138855
    qx: 0.005968341603875271
    qy: -0.024354789406061172
    qz: -0.7046902775764465
