mocap_M_tiago:
  pos:
    x: -1.6752059459686262
    y: 8.87279224395752
    z: 0.7694739699363704
  quaternion:
    qw: 0.7357197403907776
    qx: -0.02302113547921192
    qy: -0.019433073699474335
    qz: 0.6766157150268555
megapose__cam_M_object:
  pos:
    x: -0.008442468009889126
    y: 0.0024769778829067945
    z: 0.5572165250778198
  quaternion:
    qw: -0.30057055351609824
    qx: -0.03050865812134535
    qy: -0.0585399468001138
    qz: 0.9514723661482246
mocap_M_object:
  pos:
    x: -1.7452290058135969
    y: 9.535759925842285
    z: 0.43401733040809587
  quaternion:
    qw: -0.7405053973197937
    qx: -0.0006247628480197109
    qy: 0.027269668877124786
    qz: 0.6714967489242554
tiago_M_cam:
  pos:
    x: 0.3048581179647277
    y: 0.0339395220577605
    z: 0.08736514862660978
  quaternion:
    qw: 0.9179944868519131
    qx: -0.018921964990104324
    qy: 0.3936765509087602
    qz: 0.04412317548622775
