transformation from mocap to megapose:
  rotation:
    x: 138.7729921078011
    y: 46.179991808874945
    z: -14.609420386636504
  translation:
    x: -0.011131628118487669
    y: 0.080631238703476
    z: 0.005510944587604039
