megapose:
  pos:
    x: -0.09340925514698029
    y: 0.15779142081737518
    z: 1.2713514566421509
  quaternion:
    qw: -0.014766175706739118
    qx: 0.30795005017400184
    qy: 0.9481154650822926
    qz: 0.07762611377849472
mocap:
  pos:
    x: 1.0762734480303597
    y: 0.17798208819129435
    z: 1.1990150448547934
  quaternion:
    qw: -0.06829073128263997
    qx: -0.1293578374457293
    qy: -0.3535538463327962
    qz: 0.9239061660447624
