base_robot:
  pos:
    x: 1
    y: 2
    z: 3
  quaternion:
    qw: 0
    qx: 1
    qy: 2
    qz: 3
object:
  pos:
    x: 1
    y: 2
    z: 3
  quaternion:
    qw: 0
    qx: 1
    qy: 2
    qz: 3
tf_camera:
  pos:
    x: 0.27883928904694877
    y: -0.0006632662520591884
    z: 0.17680207978850823
  quaternion:
    qw: 0.9999726278476061
    qx: 2.246040665763982e-05
    qy: 0.0065586793009226865
    qz: -0.0034244381891141446
