base_robot:
  pos:
    x: 0.27925431728363215
    y: 11.252816200256348
    z: 0.8513566255569458
  quaternion:
    qw: -0.018597478047013283
    qx: 0.00011431266466366274
    qy: 0.0034978550393134356
    qz: 0.9998209476470947
object:
  pos:
    x: -0.8226546049118024
    y: 11.168691635131836
    z: -0.04235090315341972
  quaternion:
    qw: -0.023615606129169464
    qx: 0.01954236812889598
    qy: -0.014813289977610111
    qz: -0.9994204044342041
tf_camera:
  pos:
    x: 0.3053075161444279
    y: 0.01836452583492519
    z: 0.09385752306678265
  quaternion:
    qw: 0.9244379839833354
    qx: 0.03778200980218583
    qy: 0.3673514153086599
    qz: -0.09507823712532107
megapose:
  pos:
    x: -0.09340925514698029
    y: 0.15779142081737518
    z: 1.2713514566421509
  quaternion:
    qw: -0.014766175706739118
    qx: 0.30795005017400184
    qy: 0.9481154650822926
    qz: 0.07762611377849472
