transformation from mocap to megapose:
  translation:
    x: 0.040848492357265176
    y: -0.3666578703272698
    z: 0.05731594122475331
  rotation:
    x: 153.10742287441806
    y: -49.58865574573749
    z: -19.70977552713776
