tf_camera:
  pos:
    x: 0.27153475168360214
    y: 0.036902792119232905
    z: 0.1768020797885082
  quaternion:
    qw: 0.9809347697975518
    qx: -0.001273904656049314
    qy: 0.0064338126775275945
    qz: 0.19422657033367405
