base_robot:
  pos:
    x: -1.4208959341049177
    y: 7.171598434448242
    z: 0.8211118578910825
  quaternion:
    qw: -0.6707078814506531
    qx: 0.0134570933878424
    qy: 0.02588316984474659
    qz: -0.7411477565765381
object:
  pos:
    x: -1.643165707588194
    y: 9.564094543457031
    z: 0.4349375963211055
  quaternion:
    qw: 0.7089524269104004
    qx: 0.006111340131610743
    qy: -0.024531954899430275
    qz: -0.7048030495643616
