megapose__cam_M_object:
  pos:
    x: 0.1634393185377121
    y: 0.08418882638216019
    z: 1.7466425895690918
  quaternion:
    qw: 0.04633991423642721
    qx: -0.03165200462102722
    qy: -0.013827156669588414
    qz: 0.9983283987716737
mocap_M_object:
  pos:
    x: -1.643165707588194
    y: 9.564094543457031
    z: 0.4349375963211055
  quaternion:
    qw: -0.7405053973197937
    qx: -0.0006247628480197109
    qy: 0.027269668877124786
    qz: 0.6714967489242554
mocap_M_tiago:
  pos:
    x: -1.4208959341049177
    y: 7.171598434448242
    z: 0.8211118578910825
  quaternion:
    qw: 0.7357197403907776
    qx: -0.02302113547921192
    qy: -0.019433073699474335
    qz: 0.6766157150268555
tiago_M_cam:
  pos:
    x: 0.2895532310504302
    y: 0.033145669836736384
    z: 0.15750666452905707
  quaternion:
    qw: 0.9932895236469668
    qx: -0.005306930337103925
    qy: 0.103764292381641
    qz: 0.05080088906816892
