transformation from mocap to megapose:
  rotation:
    x: -177.35263939311145
    y: 83.35605289821858
    z: -7.459190919045384
  translation:
    x: 0.39462029281249045
    y: 0.24405531057191077
    z: 0.3055163744945064
