megapose__cam_M_object:
  pos:
    x: 0.05486639589071274
    y: -0.0323328822851181
    z: 0.9154077768325806
  quaternion:
    qw: -0.14657413863761398
    qx: 0.0798454133190686
    qy: -0.02422120642420414
    qz: 0.9856744242959415
mocap_M_object:
  pos:
    x: -1.6431747674941999
    y: 9.564069747924805
    z: 0.43496143817901567
  quaternion:
    qw: -0.7405053973197937
    qx: -0.0006247628480197109
    qy: 0.027269668877124786
    qz: 0.6714967489242554
mocap_M_tiago:
  pos:
    x: -1.6056296825408918
    y: 8.179093360900879
    z: 0.7915542721748348
  quaternion:
    qw: 0.7357197403907776
    qx: -0.02302113547921192
    qy: -0.019433073699474335
    qz: 0.6766157150268555
tiago_M_cam:
  pos:
    x: 0.30271703722454124
    y: 0.03373322444412046
    z: 0.12304126393726166
  quaternion:
    qw: 0.9660647815294449
    qx: -0.012198786436319938
    qy: 0.2537990199239073
    qz: 0.046433662181772195
