base_robot:
  pos:
    x: -1.6056296825408918
    y: 8.179093360900879
    z: 0.7915542721748348
  quaternion:
    qw: -0.7062901258468628
    qx: 0.020488332957029454
    qy: 0.0218725074082613
    qz: -0.7072878479957581
object:
  pos:
    x: -1.6431747674941999
    y: 9.564069747924805
    z: 0.43496143817901567
  quaternion:
    qw: 0.7090802192687988
    qx: 0.006005890667438618
    qy: -0.02443942055106163
    qz: -0.7046786546707153
