transformation from mocap to megapose:
  rotation:
    x: 162.92084948703453
    y: 52.695414301609546
    z: -5.8354187451884325
  translation:
    x: 0.26051611079904013
    y: -0.019263551944755264
    z: 0.05691189758242965
